0       278.965411
1000    3.256694
2000    22.822028
3000    3.490785
4000    3.194337
5000    2.99815
6000    8.773142
7000    2.527018
8000    3.0574879999999998
9000    3.021056
10000   2.626209
11000   3.2468000000000004
12000   2.986951
13000   3.0964929999999997
14000   2.6792040000000004
15000   2.473271
16000   2.804851
17000   2.6345709999999998
18000   2.698026
19000   3.1856799999999996
20000   2.35879
21000   2.6690479999999996
22000   2.6633240000000002
23000   3.127955
24000   2.803068
25000   2.495307
26000   4.3515820000000005
27000   2.896677
28000   2.598926
29000   3.1015070000000002
30000   2.509898
31000   8.348384
32000   3.1703159999999997
33000   2.996018
34000   3.648732
35000   3.6266700000000003
36000   2.038371
37000   2.449745
38000   3.73675
39000   2.630433
40000   2.738719
41000   6.057237
42000   2.498717
43000   3.132314
44000   2.741753
45000   55.488286
46000   2.67246
47000   3.049448
48000   2.893866
49000   3.235205
Avg latency: 4.4803 ms

Percentiles: 50th = 2, 99th = 26, 99.9th = 75
